CSM-Alone Translational Impulse Mode
Skylark 48
72
1016 1 1017 1555 1020 12007 1366 37777 1374 4606 1375 1550 1377 2
71 530
0 4611 40001 53440 5327 35003 54530 54604 4606 31344 57662 4611 11463 3452 3452 551 3452 35055
71 552
54003 1400 4611 35004 55553 35003 51553 55477 11553 556 11367 637 3452 570 23370 10000 45001 50000
71 574
23504 54072 26000 54073 31373 50072 55512 605 0 31367 6 74764 75001 54001 31367 75001 6 6001
71 616
10000 625 50072 34767 27553 40655 626 30655 6 50072 71653 20001 6 50072 71504 50073 27566 31373
71 640
55662 31372 55661 31370 55660 31377 55465 34626 54031 34763 6 5013 03452 46200 147
71 3523
31545 56334 31546 57017 44346 70373 64346 56373 34763 56001 531 44346 70373 1541 56373 31547 56334 5327
71 3545 
535 1536 3452 35003 54530 54604 3452 1374 31554 56334 31562 57017 5327 1523
71 2400
34763 6 2031 56373 74761 26373 35003 55372 55373 6 31 54001 31366 6 6011 71463 10000 1423
71 2422 
3452 23366 35004 55475 31366 51475 74766 10000 1442 51475 31446 55373 51475 31454 55372 1464 11475 1425
71 2444
3452 67663 6 11 140 220 0 0 5 12 240 120 140 220 310 7700 6 31
71 2466
74346 6 74777 54001 67700 10000 1501 1501 1501 34777 54001 6 30 74770 10000 35003 65001 6
71 2510
70001 30001 6 71462 10000 1520 30001 1521 34761 55370 6 70656 57377 31370 6 71445 64626 10000
71 2532
35003 1535 65001 64626 54001 46214 61475 55367 554
71 3043
1711 261 261 21 137 137